
Array Size = 16
 16005 16006 16012 16016 16019 16021 16041 16051 16057 16069
 16071 16077 16080 16092 16097 16099
13 99014 99014 99015 99019
 99019 99025 99025 99026 99028 99029 99029 99030 99031 99032
 99033 99034 99035 99035 99035 99036 99037 99037 99037 99037
 99039 99040 99042 99043 99044 99044 99044 99045 99045 99048
 99048 99049 99049 99053 99053 99054 99054 99054 99055 99056
 99056 99057 99058 99058 99059 99060 99062 99062 99065 99065
 99067 99068 99068 99068 99069 99069 99069 99071 99072 99073
 99076 99076 99077 99079 99079 99080 99083 99083 99084 99091
 99091 99091 99091 99092 99095 99095 99096 99097 99098
