
Array Size = 73
    34    82     3    53    98    88    46    63     9    71
    23    50    91    50    28    27    98    60    53    11
    94    62    50    77    24    96    33    32    31    13
    44    60    64    98    70    71    54    36    40    25
    81    37    24    85    31    24     2    77    40    34
    82    60    96    56    70    49     5    93    24    71
    55    57    93    14    51    59    97    29    15    76
    96    16     4

Array Size = 57
  1000  1001  1001  1004  1004  1005  1006  1010  1010  1013
  1014  1015  1016  1020  1021  1022  1022  1024  1024  1024
  1024  1025  1031  1037  1037  1038  1039  1039  1039  1041
  1046  1046  1049  1051  1054  1056  1059  1066  1067  1068
  1068  1069  1070  1071  1077  1082  1085  1087  1087  1088
  1091  1093  1094  1094  1097  1098  1098

Array Size = 40
  2025  2059  2061  2012  2082  2061  2063  2083  2092  2004
  2006  2062  2000  2025  2064  2063  2065  2075  2031  2056
  2071  2014  2088  2080  2066  2096  2050  2063  2086  2057
  2011  2059  2077  2011  2027  2076  2053  2095  2020  2057


Array Size = 36
  3000  3006  3007  3007  3008  3009  3013  3014  3014  3014
  3021  3035  3036  3037  3040  3041  3041  3041  3042  3042
  3049  3050  3051  3056  3059  3062  3063  3068  3070  3076
  3077  3078  3091  3093  3096  3098

Array Size = 78
  4069  4038  4055  4082  4063  4063  4085  4075  4020  4058
  4037  4063  4064  4042  4054  4079  4008  4009  4078  4068
  4077  4068  4049  4003  4052  4024  4095  4026  4086  4057
  4035  4068  4039  4053  4080  4053  4064  4082  4010  4039
  4028  4086  4099  4014  4049  4004  4098  4024  4019  4000
  4067  4037  4064  4083  4095  4015  4051  4031  4015  4046
  4064  4003  4036  4042  4063  4055  4066  4041  4037  4017
  4033  4056  4016  4073  4066  4071  4017  4079

Array Size = 83
  5003  5003  5004  5006  5007  5007  5007  5009  5010  5011
  5014  5014  5014  5015  5015  5015  5017  5018  5019  5019
  5019  5023  5024  5028  5030  5034  5035  5038  5040  5044
  5044  5045  5046  5046  5049  5050  5050  5052  5054  5054
  5056  5056  5057  5060  5064  5065  5066  5067  5067  5068
  5072  5073  5073  5073  5074  5077  5077  5077  5077  5078
  5078  5080  5080  5082  5082  5083  5083  5083  5085  5086
  5088  5090  5092  5092  5093  5094  5096  5097  5097  5097
  5099  5099  5099

Array Size = 57
  6061  6061  6068  6090  6023  6041  6013  6069  6008  6059
  6072  6049  6044  6065  6034  6041  6014  6010  6048  6020
  6052  6005  6043  6000  6087  6097  6090  6013  6075  6057
  6094  6000  6084  6088  6034  6030  6003  6054  6008  6022
  6059  6091  6028  6021  6048  6010  6060  6038  6028  6001
  6094  6063  6054  6054  6087  6007  6011

Array Size = 72
  7000  7000  7001  7003  7004  7005  7006  7006  7006  7008
  7010  7010  7011  7012  7012  7017  7017  7019  7028  7029
  7030  7031  7032  7034  7037  7037  7040  7041  7043  7045
  7045  7046  7049  7053  7056  7056  7057  7058  7064  7065
  7067  7069  7070  7070  7071  7072  7073  7074  7074  7076
  7078  7079  7081  7081  7082  7082  7082  7083  7085  7086
  7088  7088  7088  7088  7090  7092  7092  7093  7094  7095
  7097  7097

Array Size = 83
  8001  8008  8067  8051  8063  8010  8084  8064  8078  8057
  8082  8071  8041  8002  8075  8089  8081  8005  8037  8092
  8087  8021  8084  8066  8078  8040  8058  8013  8071  8091
  8059  8096  8004  8051  8075  8075  8050  8021  8034  8081
  8042  8092  8098  8000  8009  8085  8016  8029  8042  8015
  8054  8059  8056  8007  8005  8061  8060  8024  8039  8059
  8029  8051  8071  8092  8023  8079  8030  8010  8057  8063
  8088  8017  8060  8092  8028  8088  8063  8040  8006  8041
  8059  8042  8032

Array Size = 44
  9000  9000  9000  9002  9009  9010  9014  9014  9016  9018
  9022  9030  9032  9032  9040  9042  9043  9045  9047  9047
  9048  9049  9049  9050  9051  9055  9058  9063  9066  9067
  9068  9069  9069  9071  9075  9078  9079  9081  9081  9083
  9085  9092  9095  9098

Array Size = 82
 10096 10002 10058 10063 10044 10050 10086 10017 10031 10036
 10015 10034 10055 10097 10030 10058 10087 10050 10070 10071
 10068 10058 10060 10091 10072 10025 10079 10031 10066 10036
 10076 10052 10072 10096 10054 10078 10042 10093 10046 10079
 10090 10080 10073 10027 10046 10028 10083 10071 10077 10075
 10028 10037 10096 10031 10068 10094 10028 10049 10022 10052
 10083 10090 10025 10051 10062 10034 10016 10064 10068 10096
 10068 10043 10049 10005 10067 10081 10002 10064 10005 10000
 10067 10047

Array Size = 98
 11000 11002 11004 11004 11004 11005 11005 11007 11007 11008
 11009 11010 11010 11014 11018 11018 11018 11019 11020 11021
 11021 11023 11024 11025 11026 11028 11028 11030 11030 11031
 11032 11033 11033 11033 11034 11035 11036 11037 11037 11038
 11044 11044 11045 11046 11047 11052 11052 11052 11053 11054
 11057 11061 11061 11061 11062 11063 11063 11064 11064 11065
 11065 11065 11066 11067 11067 11070 11072 11073 11073 11074
 11077 11079 11080 11081 11082 11082 11083 11083 11084 11085
 11085 11086 11088 11090 11091 11091 11092 11092 11093 11093
 11094 11094 11095 11095 11098 11098 11099 11099

Array Size = 54
 12017 12015 12078 12064 12058 12059 12001 12030 12079 12032
 12099 12082 12096 12061 12039 12080 12026 12047 12036 12065
 12028 12016 12083 12004 12062 12011 12034 12020 12011 12071
 12037 12031 12030 12051 12042 12037 12076 12078 12012 12037
 12001 12068 12002 12028 12005 12027 12055 12032 12097 12089
 12091 12025 12098 12099

Array Size = 70
 13000 13000 13002 13004 13004 13005 13006 13007 13008 13008
 13011 13013 13013 13013 13013 13014 13014 13014 13015 13019
 13020 13024 13027 13031 13034 13037 13039 13044 13045 13045
 13047 13049 13051 13051 13057 13059 13061 13064 13066 13067
 13067 13070 13070 13071 13071 13071 13072 13073 13073 13074
 13074 13074 13074 13075 13075 13078 13078 13079 13079 13080
 13083 13083 13085 13085 13088 13090 13092 13094 13096 13096


Array Size = 67
 14056 14044 14003 14024 14015 14085 14040 14084 14019 14013
 14046 14058 14069 14089 14007 14079 14075 14034 14042 14035
 14058 14056 14059 14012 14020 14046 14018 14058 14023 14052
 14055 14067 14028 14099 14079 14060 14052 14017 14008 14010
 14022 14022 14064 14016 14097 14085 14020 14003 14033 14062
 14011 14055 14088 14092 14002 14098 14038 14068 14039 14054
 14036 14061 14001 14095 14092 14055 14050

Array Size = 59
 15000 15000 15000 15001 15002 15004 15005 15006 15006 15008
 15009 15011 15012 15012 15021 15026 15026 15029 15029 15030
 15031 15033 15034 15038 15039 15039 15040 15042 15042 15043
 15047 15050 15053 15055 15055 15056 15060 15063 15064 15067
 15068 15068 15069 15071 15072 15073 15073 15074 15075 15077
 15078 15078 15078 15083 15091 15093 15093 15096 15099

Array Size = 71
 16073 16016 16070 16049 16024 16028 16081 16012 16056 16038
 16006 16057 16094 16038 16029 16020 16063 16079 16065 16095
 16008 16049 16070 16043 16022 16004 16018 16086 16049 16077
 16076 16011 16035 16065 16099 16047 16079 16075 16043 16003
 16056 16041 16007 16020 16010 16072 16085 16002 16017 16053
 16008 16007 16031 16097 16060 16025 16057 16008 16099 16037
 16040 16078 16055 16089 16036 16018 16074 16009 16084 16035
 16003

Array Size = 88
 17000 17000 17001 17004 17005 17006 17007 17007 17009 17011
 17012 17015 17017 17019 17022 17023 17023 17023 17024 17024
 17028 17030 17030 17030 17031 17031 17032 17032 17035 17037
 17038 17042 17042 17043 17044 17045 17045 17046 17048 17052
 17052 17052 17054 17054 17054 17055 17056 17056 17057 17063
 17065 17066 17067 17067 17067 17068 17068 17068 17068 17069
 17069 17071 17071 17072 17073 17073 17073 17074 17076 17076
 17077 17080 17080 17080 17082 17083 17085 17085 17087 17088
 17090 17090 17090 17091 17094 17097 17098 17099

Array Size = 78
 18033 18065 18020 18026 18066 18091 18011 18019 18036 18002
 18088 18045 18027 18048 18050 18086 18098 18078 18001 18001
 18057 18021 18062 18044 18036 18037 18031 18016 18020 18090
 18097 18042 18021 18068 18098 18015 18080 18055 18075 18016
 18056 18052 18093 18017 18057 18098 18063 18066 18050 18025
 18050 18015 18039 18057 18061 18040 18028 18058 18086 18074
 18094 18098 18065 18097 18026 18045 18098 18018 18020 18015
 18022 18041 18052 18059 18075 18048 18099 18067

Array Size = 99
 19000 19001 19001 19001 19001 19002 19002 19002 19002 19003
 19003 19005 19006 19007 19007 19007 19009 19010 19010 19011
 19015 19016 19017 19017 19018 19018 19020 19023 19023 19026
 19027 19028 19030 19030 19030 19031 19032 19032 19034 19035
 19035 19040 19044 19045 19046 19046 19047 19050 19050 19051
 19055 19055 19056 19056 19056 19057 19059 19060 19064 19064
 19064 19065 19065 19065 19067 19067 19068 19069 19070 19074
 19074 19074 19074 19076 19077 19079 19080 19081 19081 19082
 19082 19083 19083 19083 19084 19084 19085 19087 19088 19090
 19090 19091 19092 19092 19093 19093 19093 19097 19099

Array Size = 60
 20004 20081 20022 20007 20060 20004 20027 20025 20071 20032
 20056 20036 20004 20078 20026 20059 20078 20001 20019 20012
 20022 20064 20049 20098 20022 20093 20038 20026 20085 20065
 20093 20058 20073 20042 20033 20015 20025 20055 20020 20010
 20057 20046 20058 20000 20086 20045 20075 20046 20036 20046
 20085 20044 20064 20055 20076 20097 20045 20024 20089 20034


Array Size = 69
 21000 21003 21003 21004 21004 21006 21007 21008 21009 21009
 21011 21013 21013 21014 21015 21016 21018 21020 21020 21024
 21025 21025 21027 21030 21034 21036 21037 21037 21038 21038
 21039 21040 21040 21041 21043 21043 21044 21046 21050 21051
 21055 21055 21057 21060 21061 21062 21068 21069 21069 21070
 21073 21074 21074 21074 21074 21076 21076 21076 21076 21076
 21079 21080 21081 21084 21085 21087 21089 21098 21099

Array Size = 75
 22076 22082 22023 22033 22019 22017 22060 22030 22022 22006
 22027 22023 22075 22044 22062 22086 22053 22082 22044 22099
 22083 22077 22096 22040 22085 22029 22038 22026 22007 22029
 22074 22073 22028 22059 22054 22046 22033 22062 22075 22093
 22096 22058 22091 22015 22047 22096 22002 22076 22048 22076
 22073 22007 22050 22015 22008 22053 22080 22001 22033 22061
 22031 22084 22084 22096 22010 22090 22047 22075 22096 22088
 22038 22043 22073 22086 22061

Array Size = 42
 23001 23006 23006 23009 23009 23010 23012 23014 23015 23019
 23024 23027 23028 23030 23036 23036 23041 23042 23043 23044
 23046 23047 23048 23050 23052 23061 23062 23064 23069 23072
 23073 23076 23079 23080 23084 23084 23084 23086 23087 23088
 23089 23093

Array Size = 81
 24007 24053 24002 24098 24012 24052 24013 24090 24009 24005
 24023 24023 24013 24048 24061 24059 24065 24053 24019 24060
 24090 24046 24035 24044 24034 24018 24068 24098 24086 24048
 24034 24026 24015 24044 24092 24017 24098 24079 24090 24054
 24093 24086 24015 24098 24003 24076 24079 24092 24022 24084
 24034 24021 24061 24069 24068 24041 24028 24068 24077 24029
 24031 24096 24058 24066 24056 24082 24056 24090 24069 24031
 24063 24066 24056 24035 24003 24041 24090 24083 24032 24017
 24057

Array Size = 51
 25000 25001 25001 25006 25009 25010 25014 25018 25022 25023
 25023 25024 25026 25029 25032 25033 25035 25036 25040 25043
 25043 25044 25044 25046 25046 25049 25052 25054 25055 25057
 25061 25063 25064 25065 25065 25069 25069 25070 25078 25080
 25080 25082 25086 25086 25088 25090 25093 25094 25095 25096
 25097

Array Size = 37
 26090 26044 26092 26075 26030 26093 26083 26011 26041 26094
 26016 26071 26079 26071 26021 26080 26009 26017 26062 26015
 26082 26071 26090 26005 26042 26048 26092 26017 26077 26034
 26084 26082 26075 26043 26082 26012 26022

Array Size = 71
 27000 27000 27001 27003 27004 27004 27009 27010 27011 27012
 27013 27018 27019 27019 27020 27021 27022 27023 27023 27024
 27028 27034 27035 27036 27037 27038 27039 27041 27043 27044
 27044 27045 27045 27045 27046 27050 27050 27051 27053 27054
 27055 27055 27056 27056 27057 27059 27065 27067 27068 27068
 27069 27070 27072 27073 27075 27076 27080 27081 27081 27081
 27083 27085 27086 27086 27086 27089 27092 27093 27095 27097
 27098

Array Size = 17
 28055 28026 28067 28056 28000 28067 28052 28099 28087 28002
 28068 28049 28050 28060 28041 28048 28088

Array Size = 25
 29001 29002 29004 29006 29007 29014 29015 29016 29017 29021
 29026 29036 29038 29045 29055 29058 29069 29074 29076 29079
 29083 29086 29090 29090 29091

Array Size = 56
 30082 30038 30069 30097 30024 30049 30095 30073 30093 30043
 30090 30057 30062 30060 30050 30087 30077 30040 30025 30014
 30010 30018 30058 30047 30063 30019 30016 30013 30064 30060
 30054 30005 30033 30080 30047 30031 30066 30049 30039 30091
 30009 30052 30023 30023 30025 30018 30034 30014 30036 30051
 30076 30079 30075 30051 30011 30097

Array Size = 41
 31002 31005 31008 31008 31011 31013 31013 31014 31019 31021
 31032 31032 31033 31035 31039 31040 31041 31046 31047 31049
 31052 31052 31054 31057 31060 31065 31065 31074 31077 31078
 31080 31083 31085 31086 31089 31089 31090 31092 31092 31094
 31096

Array Size = 62
 32075 32060 32054 32068 32027 32003 32010 32051 32000 32006
 32008 32019 32095 32036 32088 32070 32048 32077 32026 32079
 32094 32076 32001 32075 32080 32008 32089 32087 32022 32085
 32088 32048 32075 32081 32061 32052 32054 32096 32043 32064
 32058 32009 32001 32069 32093 32088 32039 32072 32008 32049
 32053 32034 32046 32048 32046 32082 32016 32082 32009 32067
 32010 32020

Array Size = 95
 33003 33004 33005 33005 33006 33008 33009 33010 33011 33016
 33017 33017 33018 33019 33020 33020 33021 33021 33022 33023
 33024 33024 33026 33026 33029 33030 33032 33032 33032 33034
 33035 33035 33035 33036 33036 33036 33037 33037 33039 33039
 33040 33041 33041 33041 33041 33042 33042 33042 33044 33044
 33044 33045 33046 33046 33047 33048 33049 33051 33052 33054
 33056 33057 33057 33058 33060 33062 33064 33065 33066 33068
 33068 33073 33073 33074 33074 33077 33078 33080 33084 33084
 33086 33086 33087 33088 33088 33089 33090 33090 33091 33094
 33094 33095 33095 33096 33097

Array Size = 54
 34003 34055 34031 34027 34088 34085 34083 34030 34076 34066
 34007 34098 34082 34072 34066 34036 34059 34041 34099 34080
 34008 34069 34032 34069 34049 34053 34006 34077 34065 34096
 34033 34093 34090 34009 34073 34034 34069 34025 34063 34071
 34015 34039 34085 34045 34070 34077 34098 34007 34040 34038
 34060 34003 34038 34078

Array Size = 47
 35003 35003 35006 35009 35009 35010 35012 35013 35014 35019
 35020 35021 35021 35021 35022 35029 35029 35029 35035 35041
 35041 35041 35045 35046 35047 35047 35048 35049 35049 35050
 35052 35055 35058 35059 35062 35074 35075 35076 35076 35079
 35084 35087 35092 35092 35095 35096 35099

Array Size = 73
 36047 36094 36038 36070 36079 36015 36006 36082 36025 36036
 36009 36026 36065 36048 36048 36020 36011 36087 36055 36010
 36097 36052 36020 36029 36034 36099 36082 36059 36019 36083
 36084 36076 36049 36016 36048 36097 36059 36059 36014 36035
 36003 36043 36065 36082 36055 36003 36010 36020 36046 36001
 36073 36079 36036 36031 36056 36025 36020 36007 36017 36036
 36024 36076 36048 36043 36080 36098 36073 36077 36063 36014
 36065 36054 36058

Array Size = 35
 37004 37006 37007 37008 37008 37010 37013 37015 37016 37021
 37039 37049 37054 37059 37061 37062 37062 37063 37074 37076
 37076 37077 37078 37079 37081 37083 37084 37084 37085 37085
 37086 37089 37090 37094 37094

Array Size = 19
 38039 38060 38052 38064 38078 38015 38087 38078 38014 38082
 38044 38070 38020 38011 38057 38091 38048 38043 38007

Array Size = 65
 39000 39001 39004 39004 39004 39008 39010 39010 39012 39015
 39015 39015 39015 39017 39019 39020 39023 39024 39028 39029
 39030 39031 39034 39035 39036 39049 39050 39052 39053 39053
 39055 39056 39056 39056 39057 39062 39063 39070 39070 39072
 39072 39072 39072 39073 39073 39073 39076 39076 39078 39078
 39079 39079 39080 39081 39082 39083 39087 39090 39091 39093
 39096 39096 39097 39098 39098

Array Size = 55
 40046 40051 40076 40060 40057 40072 40063 40016 40050 40056
 40068 40055 40020 40018 40041 40011 40031 40003 40030 40020
 40056 40039 40038 40056 40007 40003 40018 40093 40080 40033
 40073 40092 40054 40016 40046 40000 40051 40091 40086 40026
 40053 40071 40082 40005 40052 40015 40043 40069 40018 40060
 40018 40094 40057 40036 40016

Array Size = 39
 41001 41003 41006 41006 41007 41007 41009 41010 41014 41014
 41017 41018 41023 41024 41026 41030 41036 41036 41037 41038
 41048 41056 41056 41059 41059 41062 41067 41078 41079 41079
 41081 41081 41085 41086 41087 41094 41094 41096 41098

Array Size = 55
 42059 42006 42050 42036 42079 42000 42084 42042 42075 42027
 42072 42060 42096 42095 42022 42032 42031 42003 42000 42078
 42081 42040 42046 42098 42081 42074 42078 42048 42091 42056
 42082 42094 42035 42065 42052 42022 42083 42042 42041 42091
 42073 42077 42099 42037 42067 42012 42005 42098 42029 42005
 42080 42053 42018 42019 42091

Array Size = 87
 43000 43001 43007 43007 43008 43009 43012 43012 43013 43016
 43020 43020 43021 43021 43022 43023 43023 43023 43023 43025
 43025 43027 43027 43028 43028 43029 43029 43031 43033 43035
 43041 43041 43046 43046 43047 43047 43047 43050 43051 43052
 43052 43056 43056 43060 43060 43060 43061 43062 43063 43063
 43063 43065 43066 43066 43068 43068 43069 43070 43072 43072
 43072 43072 43072 43073 43073 43073 43075 43079 43080 43081
 43082 43082 43083 43084 43084 43087 43088 43092 43093 43096
 43097 43098 43098 43098 43098 43099 43099

Array Size = 97
 44071 44006 44088 44015 44093 44023 44055 44017 44036 44044
 44086 44015 44046 44072 44052 44065 44000 44007 44038 44085
 44066 44031 44045 44065 44055 44050 44047 44022 44070 44044
 44025 44065 44072 44078 44085 44094 44089 44053 44085 44018
 44050 44028 44027 44064 44098 44006 44084 44078 44034 44028
 44066 44038 44007 44035 44049 44000 44003 44026 44098 44042
 44006 44034 44088 44057 44073 44001 44076 44077 44089 44096
 44076 44001 44053 44020 44078 44036 44002 44084 44050 44084
 44050 44069 44011 44027 44070 44064 44037 44040 44087 44018
 44037 44043 44055 44016 44009 44065 44079

Array Size = 10
 45002 45011 45020 45031 45045 45045 45054 45055 45065 45081


Array Size = 91
 46008 46033 46061 46087 46058 46014 46006 46097 46015 46038
 46057 46054 46083 46091 46080 46086 46026 46029 46030 46051
 46072 46069 46015 46036 46028 46027 46088 46067 46064 46046
 46061 46092 46042 46059 46084 46017 46009 46028 46002 46080
 46042 46048 46051 46031 46045 46058 46059 46042 46068 46086
 46034 46068 46061 46087 46017 46036 46049 46058 46068 46077
 46025 46069 46043 46078 46090 46028 46087 46051 46069 46040
 46076 46020 46000 46024 46030 46080 46012 46072 46010 46066
 46015 46004 46071 46073 46016 46089 46075 46077 46049 46051
 46096

Array Size = 13
 47006 47006 47025 47031 47033 47035 47041 47043 47051 47060
 47064 47069 47098

Array Size = 65
 48076 48076 48052 48060 48024 48070 48080 48002 48001 48085
 48034 48048 48069 48083 48034 48046 48001 48013 48015 48054
 48002 48025 48063 48055 48012 48098 48025 48069 48094 48013
 48085 48017 48089 48072 48099 48063 48083 48005 48014 48019
 48065 48071 48001 48007 48081 48036 48008 48097 48081 48069
 48014 48071 48044 48036 48004 48000 48001 48070 48014 48095
 48071 48016 48086 48088 48071

Array Size = 75
 49001 49002 49003 49003 49004 49005 49005 49006 49009 49009
 49009 49012 49012 49013 49014 49017 49018 49018 49019 49020
 49025 49025 49026 49031 49031 49031 49033 49033 49034 49035
 49035 49036 49037 49038 49040 49042 49044 49045 49045 49045
 49047 49047 49048 49050 49050 49054 49064 49066 49068 49069
 49070 49070 49072 49073 49074 49075 49076 49079 49079 49080
 49082 49084 49085 49087 49088 49089 49090 49092 49093 49094
 49096 49098 49098 49099 49099

Array Size = 87
 50004 50074 50019 50059 50015 50083 50032 50092 50098 50063
 50020 50001 50083 50023 50047 50031 50000 50050 50095 50009
 50049 50018 50005 50023 50092 50072 50026 50014 50014 50090
 50083 50073 50073 50019 50031 50074 50088 50088 50092 50055
 50045 50057 50075 50083 50022 50040 50066 50041 50033 50001
 50055 50068 50043 50052 50058 50032 50009 50061 50086 50044
 50035 50038 50089 50074 50023 50075 50050 50082 50048 50084
 50086 50070 50061 50077 50081 50017 50092 50041 50062 50077
 50061 50032 50090 50001 50023 50006 50035

Array Size = 70
 51004 51006 51006 51007 51009 51011 51014 51017 51018 51022
 51022 51023 51024 51029 51031 51032 51033 51035 51036 51039
 51039 51040 51041 51043 51046 51047 51047 51048 51051 51053
 51054 51056 51056 51058 51058 51059 51061 51063 51063 51063
 51063 51066 51066 51067 51068 51070 51071 51073 51074 51074
 51074 51075 51077 51079 51080 51082 51083 51083 51084 51088
 51090 51091 51092 51093 51095 51096 51096 51097 51098 51098


Array Size = 43
 52013 52069 52002 52087 52046 52069 52069 52043 52029 52075
 52006 52050 52019 52053 52036 52007 52070 52076 52072 52029
 52092 52012 52060 52050 52046 52065 52018 52046 52030 52002
 52049 52079 52088 52039 52024 52036 52017 52061 52090 52062
 52065 52046 52020

Array Size = 60
 53000 53001 53004 53005 53006 53007 53012 53014 53015 53020
 53020 53020 53020 53021 53031 53031 53032 53033 53034 53034
 53035 53035 53035 53038 53040 53041 53041 53043 53044 53046
 53049 53053 53053 53053 53053 53054 53056 53057 53059 53063
 53063 53065 53065 53066 53067 53072 53073 53074 53077 53081
 53085 53086 53089 53089 53090 53092 53092 53094 53094 53096


Array Size = 80
 54071 54068 54041 54015 54030 54029 54001 54041 54007 54029
 54078 54069 54011 54029 54034 54036 54078 54095 54022 54006
 54030 54038 54054 54016 54056 54095 54073 54084 54064 54029
 54032 54081 54044 54068 54069 54042 54066 54094 54014 54012
 54044 54084 54059 54072 54067 54041 54030 54064 54044 54070
 54050 54022 54094 54074 54052 54018 54082 54003 54043 54052
 54037 54053 54023 54066 54066 54068 54004 54065 54017 54026
 54042 54094 54049 54053 54099 54065 54031 54071 54012 54008


Array Size = 37
 55002 55005 55007 55008 55010 55011 55014 55022 55023 55024
 55025 55028 55030 55032 55033 55033 55035 55036 55036 55037
 55040 55045 55049 55051 55053 55054 55059 55061 55068 55074
 55076 55076 55085 55087 55088 55090 55092

Array Size = 71
 56064 56085 56078 56012 56038 56051 56023 56044 56034 56019
 56062 56099 56014 56065 56061 56040 56084 56026 56047 56009
 56065 56082 56025 56003 56078 56008 56046 56019 56046 56025
 56042 56049 56017 56014 56093 56073 56062 56048 56080 56090
 56025 56025 56004 56034 56060 56009 56062 56094 56091 56093
 56057 56063 56048 56037 56073 56095 56082 56095 56037 56042
 56062 56015 56034 56027 56066 56002 56088 56046 56080 56069
 56046

Array Size = 44
 57008 57008 57010 57010 57010 57012 57013 57022 57022 57024
 57027 57027 57032 57033 57034 57038 57039 57042 57042 57047
 57053 57056 57057 57057 57065 57066 57067 57069 57075 57075
 57078 57078 57078 57082 57082 57082 57083 57091 57092 57093
 57093 57096 57097 57099

Array Size = 47
 58070 58003 58007 58003 58041 58063 58020 58042 58084 58057
 58025 58079 58004 58050 58058 58086 58000 58010 58090 58069
 58020 58011 58042 58044 58064 58019 58090 58060 58006 58009
 58073 58026 58032 58004 58068 58001 58083 58096 58054 58099
 58061 58075 58090 58059 58025 58026 58057

Array Size = 46
 59003 59007 59010 59011 59014 59014 59016 59016 59016 59017
 59017 59023 59024 59033 59039 59050 59050 59050 59052 59054
 59054 59056 59059 59060 59060 59063 59068 59069 59069 59070
 59073 59076 59077 59078 59078 59080 59080 59082 59084 59085
 59089 59092 59093 59094 59094 59095

Array Size = 22
 60096 60095 60026 60016 60021 60078 60017 60049 60004 60001
 60008 60095 60065 60006 60010 60018 60053 60088 60098 60026
 60041 60001

Array Size = 17
 61008 61019 61024 61025 61028 61034 61035 61041 61044 61045
 61053 61071 61072 61073 61078 61098 61099

Array Size = 31
 62001 62089 62099 62036 62056 62032 62009 62011 62030 62063
 62029 62003 62010 62097 62079 62050 62042 62030 62002 62097
 62002 62067 62067 62055 62091 62005 62020 62051 62002 62091
 62071

Array Size = 65
 63007 63009 63010 63012 63018 63018 63021 63023 63023 63024
 63024 63027 63029 63029 63029 63030 63030 63030 63030 63031
 63033 63033 63034 63036 63036 63038 63039 63041 63042 63047
 63048 63049 63049 63051 63055 63055 63056 63058 63059 63060
 63060 63066 63067 63069 63071 63071 63072 63072 63073 63075
 63078 63078 63079 63080 63082 63088 63090 63091 63092 63092
 63095 63096 63098 63099 63099

Array Size = 50
 64072 64015 64097 64009 64077 64037 64056 64009 64063 64051
 64002 64016 64049 64048 64017 64071 64037 64037 64028 64029
 64052 64027 64028 64046 64059 64021 64099 64071 64015 64084
 64087 64005 64075 64083 64089 64055 64081 64071 64055 64027
 64055 64069 64002 64057 64037 64024 64058 64083 64033 64020


Array Size = 56
 65000 65004 65006 65006 65007 65009 65010 65014 65018 65019
 65020 65020 65021 65021 65023 65025 65026 65029 65030 65032
 65035 65037 65038 65042 65047 65050 65052 65053 65053 65055
 65055 65056 65057 65057 65058 65062 65066 65067 65068 65068
 65068 65072 65074 65075 65076 65077 65079 65080 65081 65081
 65083 65085 65088 65091 65091 65096

Array Size = 14
 66084 66025 66005 66058 66088 66019 66082 66013 66053 66049
 66041 66078 66016 66033

Array Size = 55
 67004 67005 67006 67009 67016 67017 67017 67017 67019 67021
 67023 67024 67025 67027 67027 67027 67029 67032 67037 67038
 67040 67042 67045 67045 67054 67055 67055 67055 67058 67060
 67063 67063 67063 67064 67066 67067 67070 67072 67076 67081
 67082 67085 67086 67086 67087 67089 67090 67091 67092 67095
 67096 67096 67097 67099 67099

Array Size = 32
 68019 68085 68050 68091 68068 68050 68010 68098 68088 68071
 68047 68041 68002 68096 68016 68056 68002 68002 68074 68004
 68075 68060 68054 68074 68057 68074 68079 68046 68017 68071
 68076 68081

Array Size = 21
 69012 69014 69014 69021 69024 69025 69032 69038 69049 69058
 69070 69071 69079 69083 69085 69087 69090 69091 69091 69093
 69095

Array Size = 75
 70020 70017 70026 70073 70033 70008 70012 70002 70025 70004
 70043 70047 70056 70024 70089 70062 70092 70034 70050 70068
 70098 70048 70000 70026 70012 70021 70071 70036 70078 70015
 70030 70087 70010 70055 70033 70042 70069 70091 70093 70072
 70011 70031 70067 70026 70052 70004 70055 70090 70007 70021
 70035 70055 70052 70055 70094 70033 70036 70073 70027 70095
 70091 70061 70048 70095 70056 70064 70039 70071 70077 70009
 70031 70001 70075 70021 70019

Array Size = 89
 71000 71001 71002 71003 71004 71006 71010 71010 71011 71011
 71012 71013 71013 71014 71015 71016 71017 71018 71020 71021
 71024 71024 71026 71026 71026 71027 71028 71030 71031 71033
 71035 71035 71036 71037 71038 71039 71040 71041 71043 71043
 71044 71046 71051 71051 71051 71053 71055 71056 71056 71057
 71057 71057 71057 71058 71059 71060 71061 71063 71063 71070
 71070 71070 71072 71073 71075 71076 71077 71077 71078 71080
 71081 71086 71086 71087 71087 71089 71089 71092 71092 71093
 71094 71095 71095 71097 71098 71098 71098 71099 71099

Array Size = 44
 72042 72092 72054 72056 72007 72080 72050 72058 72012 72073
 72012 72020 72036 72060 72001 72013 72026 72033 72073 72039
 72045 72005 72046 72080 72038 72017 72080 72090 72098 72062
 72056 72039 72075 72042 72035 72068 72026 72018 72081 72022
 72072 72022 72095 72029

Array Size = 77
 73000 73001 73002 73003 73004 73005 73007 73008 73011 73011
 73012 73012 73015 73015 73015 73017 73019 73020 73024 73026
 73027 73027 73028 73030 73031 73031 73032 73034 73035 73038
 73039 73042 73042 73043 73043 73045 73045 73045 73046 73047
 73051 73052 73054 73055 73057 73058 73061 73063 73063 73066
 73066 73067 73067 73069 73069 73074 73074 73075 73075 73076
 73077 73078 73078 73079 73079 73081 73082 73083 73083 73085
 73086 73086 73089 73091 73092 73094 73097

Array Size = 74
 74009 74050 74014 74046 74049 74089 74079 74055 74088 74089
 74028 74086 74084 74030 74027 74024 74098 74081 74010 74079
 74000 74089 74022 74035 74076 74005 74018 74078 74066 74019
 74048 74080 74006 74064 74011 74084 74059 74000 74083 74099
 74072 74028 74010 74070 74063 74072 74099 74042 74003 74039
 74072 74043 74011 74059 74038 74028 74030 74092 74097 74096
 74042 74007 74019 74020 74049 74034 74064 74095 74040 74087
 74062 74075 74020 74050

Array Size = 88
 75003 75003 75006 75006 75006 75007 75008 75009 75009 75011
 75011 75011 75012 75013 75014 75014 75015 75018 75020 75020
 75022 75023 75025 75025 75025 75026 75027 75027 75028 75028
 75030 75030 75034 75035 75037 75038 75039 75040 75041 75041
 75042 75043 75043 75044 75046 75046 75047 75049 75049 75049
 75052 75055 75056 75057 75058 75058 75059 75060 75060 75063
 75064 75065 75067 75070 75072 75073 75074 75074 75076 75076
 75077 75077 75077 75082 75083 75084 75084 75085 75087 75088
 75090 75091 75091 75092 75095 75096 75096 75097

Array Size = 28
 76008 76019 76031 76067 76082 76072 76090 76056 76025 76047
 76091 76077 76031 76029 76074 76002 76031 76022 76055 76057
 76087 76099 76099 76033 76075 76098 76004 76014

Array Size = 62
 77001 77004 77006 77009 77012 77012 77015 77017 77019 77020
 77020 77020 77021 77022 77023 77025 77027 77028 77028 77030
 77030 77033 77034 77035 77036 77039 77040 77041 77043 77046
 77049 77049 77049 77054 77054 77055 77058 77059 77060 77061
 77062 77062 77063 77069 77071 77073 77077 77077 77078 77080
 77082 77086 77087 77087 77088 77091 77093 77093 77094 77094
 77095 77097

Array Size = 10
 78090 78054 78038 78006 78004 78065 78086 78025 78009 78085


Array Size = 66
 79004 79004 79005 79005 79006 79009 79010 79012 79013 79013
 79013 79017 79018 79021 79023 79024 79024 79025 79030 79037
 79037 79038 79042 79042 79043 79046 79048 79048 79048 79049
 79051 79052 79055 79058 79060 79060 79061 79061 79061 79063
 79064 79066 79066 79067 79068 79069 79073 79075 79077 79078
 79080 79081 79083 79083 79084 79084 79086 79086 79088 79088
 79089 79094 79096 79097 79099 79099

Array Size = 95
 80041 80099 80073 80038 80099 80026 80005 80062 80049 80097
 80046 80018 80048 80037 80074 80068 80074 80069 80027 80054
 80047 80098 80064 80022 80007 80032 80088 80077 80058 80002
 80059 80085 80092 80081 80019 80091 80078 80066 80048 80066
 80051 80064 80032 80007 80031 80046 80063 80038 80003 80083
 80045 80014 80054 80097 80006 80097 80019 80079 80004 80054
 80082 80019 80054 80020 80011 80031 80051 80036 80066 80050
 80000 80062 80046 80037 80037 80092 80003 80063 80014 80072
 80004 80079 80003 80075 80076 80091 80063 80032 80059 80075
 80010 80027 80062 80089 80089

Array Size = 75
 81001 81002 81004 81005 81006 81006 81006 81009 81011 81011
 81011 81017 81017 81019 81019 81019 81020 81024 81026 81026
 81026 81028 81031 81033 81037 81039 81040 81042 81043 81044
 81045 81045 81048 81048 81050 81050 81050 81051 81055 81056
 81057 81058 81060 81060 81062 81062 81063 81063 81066 81067
 81067 81067 81068 81069 81069 81069 81069 81070 81071 81074
 81075 81080 81081 81082 81086 81086 81089 81091 81091 81092
 81094 81095 81095 81095 81096

Array Size = 20
 82041 82031 82022 82076 82090 82054 82098 82080 82029 82061
 82030 82078 82062 82003 82024 82026 82018 82088 82035 82073


Array Size = 26
 83004 83005 83008 83013 83015 83019 83020 83021 83023 83024
 83025 83028 83031 83043 83047 83049 83052 83061 83066 83069
 83074 83075 83076 83076 83076 83083

Array Size = 58
 84043 84000 84034 84024 84059 84032 84079 84043 84050 84025
 84027 84038 84018 84062 84060 84033 84064 84023 84083 84005
 84028 84000 84049 84006 84000 84062 84011 84095 84059 84007
 84086 84099 84093 84085 84031 84093 84018 84018 84074 84003
 84011 84012 84084 84009 84026 84073 84073 84016 84061 84044
 84003 84053 84059 84032 84077 84026 84004 84033

Array Size = 12
 85001 85005 85032 85033 85035 85036 85044 85049 85061 85062
 85073 85098

Array Size = 22
 86005 86085 86002 86007 86006 86024 86012 86032 86094 86014
 86015 86087 86089 86006 86036 86098 86059 86044 86008 86038
 86006 86017

Array Size = 76
 87001 87004 87007 87008 87008 87008 87011 87013 87013 87013
 87014 87014 87015 87015 87018 87018 87019 87022 87023 87026
 87026 87027 87028 87029 87030 87035 87037 87039 87039 87040
 87040 87041 87042 87042 87042 87042 87043 87044 87048 87050
 87050 87051 87053 87053 87059 87061 87061 87063 87065 87068
 87069 87069 87071 87073 87078 87078 87078 87080 87081 87082
 87082 87083 87083 87085 87085 87086 87087 87087 87088 87093
 87093 87095 87095 87095 87096 87099

Array Size = 94
 88062 88098 88097 88048 88061 88020 88057 88095 88093 88086
 88097 88011 88069 88066 88008 88098 88016 88024 88024 88016
 88034 88071 88041 88054 88027 88080 88025 88052 88014 88064
 88021 88095 88049 88027 88006 88088 88004 88056 88015 88027
 88098 88098 88010 88044 88099 88005 88078 88051 88026 88079
 88047 88011 88099 88063 88091 88069 88008 88061 88025 88062
 88065 88047 88024 88075 88015 88023 88035 88080 88045 88025
 88050 88042 88032 88078 88062 88051 88051 88043 88043 88058
 88030 88051 88085 88002 88072 88037 88095 88036 88043 88045
 88009 88069 88072 88041

Array Size = 79
 89001 89002 89007 89007 89009 89009 89011 89013 89013 89013
 89013 89015 89016 89016 89017 89017 89018 89018 89020 89021
 89022 89023 89023 89026 89026 89027 89029 89029 89033 89033
 89034 89035 89038 89039 89040 89042 89045 89045 89046 89046
 89049 89049 89050 89055 89055 89055 89056 89056 89060 89062
 89065 89065 89065 89065 89065 89067 89067 89068 89072 89074
 89074 89076 89079 89079 89079 89080 89081 89083 89083 89084
 89087 89088 89088 89092 89093 89093 89095 89096 89097

Array Size = 38
 90094 90033 90080 90041 90072 90040 90016 90040 90029 90076
 90087 90020 90007 90024 90003 90041 90072 90087 90015 90019
 90047 90083 90055 90020 90008 90015 90060 90073 90071 90019
 90037 90019 90098 90048 90066 90016 90009 90050

Array Size = 30
 91001 91006 91006 91007 91009 91009 91011 91013 91016 91019
 91019 91035 91036 91038 91041 91042 91043 91049 91053 91058
 91063 91064 91068 91072 91074 91074 91080 91091 91095 91095


Array Size = 42
 92081 92043 92004 92049 92039 92000 92024 92089 92030 92065
 92034 92081 92042 92097 92093 92079 92099 92088 92069 92033
 92035 92016 92062 92021 92021 92038 92090 92069 92019 92019
 92017 92098 92030 92005 92003 92061 92064 92046 92016 92002
 92038 92093

Array Size = 73
 93000 93001 93002 93003 93004 93004 93005 93007 93008 93008
 93009 93009 93013 93013 93014 93015 93020 93021 93022 93024
 93024 93024 93025 93026 93026 93034 93035 93035 93036 93036
 93039 93040 93040 93042 93042 93043 93044 93044 93045 93047
 93048 93048 93051 93052 93053 93054 93058 93060 93060 93063
 93064 93065 93066 93067 93070 93070 93072 93073 93073 93074
 93077 93079 93079 93080 93082 93084 93086 93087 93092 93092
 93093 93094 93094

Array Size = 47
 94065 94061 94078 94093 94003 94029 94057 94086 94075 94001
 94032 94093 94004 94015 94007 94029 94080 94001 94084 94085
 94093 94040 94000 94001 94047 94049 94020 94046 94025 94088
 94059 94038 94017 94033 94068 94080 94037 94049 94069 94030
 94091 94056 94058 94083 94068 94090 94056

Array Size = 41
 95000 95000 95001 95002 95004 95005 95009 95015 95016 95017
 95020 95025 95028 95030 95034 95036 95036 95037 95039 95042
 95045 95048 95050 95052 95053 95056 95062 95062 95065 95065
 95066 95069 95070 95071 95076 95082 95083 95088 95092 95094
 95099

Array Size = 25
 96025 96084 96086 96000 96026 96032 96094 96094 96054 96063
 96014 96020 96088 96051 96037 96062 96025 96018 96076 96041
 96089 96082 96056 96043 96033

Array Size = 21
 97003 97006 97008 97018 97023 97024 97024 97024 97025 97032
 97040 97061 97062 97063 97071 97086 97087 97090 97090 97092
 97097

Array Size = 57
 98003 98009 98042 98024 98088 98006 98014 98033 98031 98015
 98024 98040 98070 98010 98036 98000 98078 98038 98050 98014
 98008 98008 98099 98085 98041 98057 98009 98078 98097 98082
 98080 98013 98095 98090 98070 98015 98057 98064 98010 98064
 98042 98039 98084 98058 98022 98080 98059 98072 98080 98042
 98031 98005 98088 98050 98074 98002 98022

Array Size = 36
 99000 99002 99003 99004 99005 99011 99014 99022 99023 99026
 99030 99034 99034 99034 99037 99043 99044 99044 99045 99045
 99050 99051 99052 99055 99056 99058 99064 99065 99066 99066
 99069 99072 99079 99082 99087 99094
10
 96066 96058 96076 96032 96033 96004 96043 96075 96000 96039


Array Size = 96
 97000 97000 97001 97003 97004 97004 97005 97005 97006 97006
 97007 97009 97009 97010 97010 97011 97011 97013 97013 97013
 97014 97015 97019 97019 97019 97020 97021 97022 97024 97024
 97025 97026 97026 97028 97030 97030 97032 97032 97033 97034
 97034 97035 97035 97036 97037 97039 97041 97042 97042 97043
 97044 97044 97047 97047 97050 97052 97052 97053 97054 97057
 97058 97059 97061 97062 97064 97067 97067 97067 97069 97070
 97070 97072 97073 97074 97074 97074 97075 97076 97078 97079
 97081 97081 97085 97085 97087 97087 97088 97090 97091 97092
 97095 97095 97096 97098 97099 97099

Array Size = 51
 98063 98091 98081 98018 98005 98028 98021 98004 98066 98092
 98066 98077 98011 98034 98018 98034 98065 98024 98041 98008
 98052 98098 98012 98070 98001 98045 98053 98027 98027 98001
 98073 98053 98071 98079 98024 98070 98065 98090 98086 98075
 98084 98014 98001 98045 98067 98024 98000 98008 98092 98045
 98027

Array Size = 12
 99008 99011 99020 99020 99029 99032 99036 99042 99050 99054
 99056 99058
